286,52
286,51
286,50
286,49
286,48
286,47
286,46
286,45
286,44
286,43
286,42
286,41
286,40
286,39
286,38
286,37
286,36
286,35
3,2
3,1
3,3
10,223
10,189
10,145
10,207
10,87
10,167
11,11
9,4
9,2
9,3
8,4
8,18
8,6
8,9
8,2
8,3
283,3
283,2
283,1
283,0
282,3
282,2
282,1
282,0
281,5
281,4
281,3
281,2
281,1
281,0
280,4
280,3
280,2
280,1
280,0
279,4
279,3
279,2
279,1
279,0
278,4
278,3
278,2
278,1
278,0
277,3
277,2
277,1
277,0
20,3
20,2
20,1
19,3
19,2
19,1
18,3
18,1
14,1
12,3
14,3
12,2
12,1
11,30
13,1
11,28
11,27
11,26
11,25
11,23
13,3
11,22
11,21
11,20
11,19
11,18
11,17
11,16
11,15
11,14
11,13
11,12
11,9
11,8
11,7
11,6
11,5
11,4
11,3
11,2
11,1
10,300
10,297
10,294
10,289
10,284
10,283
10,280
10,277
10,273
10,270
10,262
